Count 0

Matrix A is:
960.811768 119.655724 746.900757 741.471313 560.736267 265.662140 243.944611 295.823700 850.171814 91.934860 
239.715469 85.665878 393.070190 498.717041 568.234680 755.902832 603.476196 835.941345 746.352051 199.955139 
302.044525 449.380005 241.585724 46.168144 633.477600 962.286926 687.646545 304.120209 299.931244 886.590210 
13.313433 259.743011 5.245918 759.214172 1000.214294 564.982178 23.876333 243.158920 859.805908 873.048157 
334.093781 98.521355 957.714050 726.164001 596.238403 524.948730 481.066803 198.714600 359.890076 226.418839 
397.669708 660.934570 674.798828 638.255432 706.102722 307.276367 599.542358 392.749268 610.396606 898.473633 
278.339417 622.710022 157.216614 282.585358 380.924194 156.430923 846.567505 403.800537 398.589874 705.373413 
275.848694 731.683655 802.894775 232.562744 456.847626 398.133209 756.511536 936.914368 595.847778 115.401581 
162.333252 992.517517 775.336182 836.132080 629.772949 480.438904 142.408447 228.315338 872.188171 751.804993 
125.788940 149.527603 373.515045 282.005554 431.112946 753.439270 437.436462 276.680511 156.239807 835.026367 
Matrix B is:
981.053955 431.088531 565.709961 782.948730 662.651245 21.557583 180.081940 418.162781 957.471985 774.929688 
Matrix L is:
1.000000 0.000000 0.000000 0.000000 0.000000 0.000000 0.000000 0.000000 0.000000 0.000000 
0.249493 1.000000 0.000000 0.000000 0.000000 0.000000 0.000000 0.000000 0.000000 0.000000 
0.314364 7.377620 1.000000 0.000000 0.000000 0.000000 0.000000 0.000000 0.000000 0.000000 
0.013856 4.624131 0.632941 1.000000 0.000000 0.000000 0.000000 0.000000 0.000000 0.000000 
0.347720 1.019744 -0.320873 -0.742171 1.000000 0.000000 0.000000 0.000000 0.000000 0.000000 
0.413889 10.954691 1.250661 0.026198 2.337296 1.000000 0.000000 0.000000 0.000000 0.000000 
0.289692 10.536083 1.473458 0.508398 1.852926 1.195387 1.000000 0.000000 0.000000 0.000000 
0.287100 12.494130 1.313521 -0.696874 2.733408 0.990999 -0.268844 1.000000 0.000000 0.000000 
0.168954 17.420801 1.944324 0.123854 4.804232 2.610353 -6.223387 -6.870608 1.000000 0.000000 
0.130919 2.398423 0.144948 -0.232476 0.299741 0.098691 -1.059181 -1.335814 0.009179 1.000000 
Matrix U is:
960.811768 119.655724 746.900757 741.471313 560.736267 265.662140 243.944611 295.823700 850.171814 91.934860 
0.000000 55.812653 206.723938 313.725403 428.335083 689.622070 542.613831 762.135498 534.240417 177.018066 
0.000000 0.000000 -1518.343628 -2501.470459 -2702.891113 -4208.997070 -3392.239502 -5411.622070 -3908.754883 -448.282837 
0.000000 0.000000 0.000000 881.516174 722.537842 36.445557 -341.533447 140.083496 851.639648 336.956177 
0.000000 0.000000 0.000000 0.000000 -366.572449 -1594.171387 -1499.040039 -2313.811523 -1102.673706 120.175049 
0.000000 0.000000 0.000000 0.000000 0.000000 1631.846680 2309.596680 4093.846191 1849.569824 -807.817932 
0.000000 0.000000 0.000000 0.000000 0.000000 0.000000 247.580078 -415.648926 -317.864502 45.860779 
0.000000 0.000000 0.000000 0.000000 0.000000 0.000000 0.000000 691.513306 500.291626 -814.646362 
0.000000 0.000000 0.000000 0.000000 0.000000 0.000000 0.000000 0.000000 844.643311 -5298.016602 
0.000000 0.000000 0.000000 0.000000 0.000000 0.000000 0.000000 0.000000 0.000000 -405.569885 
Solution(X) is:
10.00 10.93 -10.61 15.95 3.72 5.70 -6.95 9.72 -21.26 -5.84 
For 10 x 10 Matrix,Time Taken is:0.001347

Count 1

Matrix A is:
247.187088 547.531372 699.163086 180.631134 843.223267 891.326172 483.210663 899.085571 748.875916 502.913116 
110.928528 624.938293 418.744904 184.645508 228.126053 831.008179 139.504684 706.565002 674.249268 632.516296 
869.984741 912.028809 181.730972 78.972641 333.388336 385.916534 350.488098 456.807953 180.433792 329.666779 
385.742371 426.620880 876.198120 83.905487 606.252014 718.421448 974.231628 88.462669 616.507019 722.107544 
590.375854 726.435547 346.045929 8.120737 910.081055 573.171997 838.128967 48.585724 278.736969 511.378174 
680.101990 147.721741 422.406982 860.833008 225.694366 754.795349 245.749512 575.182495 210.603271 425.183319 
903.849243 595.345642 850.804138 779.047363 678.251160 456.056183 496.468842 651.482788 543.518860 111.975876 
372.590302 132.894714 837.411438 717.636230 140.015457 746.492432 289.808197 977.144348 794.078186 567.545105 
487.522583 473.180206 714.266907 908.929626 333.013184 938.961304 662.724915 577.762756 513.143738 872.328186 
1.946031 415.993011 466.673798 851.750183 194.040421 143.924957 306.806427 689.509277 794.407715 849.325317 
Matrix B is:
800.485168 165.998047 981.220032 636.896545 882.634277 120.235458 382.389008 171.442490 96.379845 175.467239 
Matrix L is:
1.000000 0.000000 0.000000 0.000000 0.000000 0.000000 0.000000 0.000000 0.000000 0.000000 
0.448763 1.000000 0.000000 0.000000 0.000000 0.000000 0.000000 0.000000 0.000000 0.000000 
3.519540 -2.676580 1.000000 0.000000 0.000000 0.000000 0.000000 0.000000 0.000000 0.000000 
1.560528 -1.128132 0.048262 1.000000 0.000000 0.000000 0.000000 0.000000 0.000000 0.000000 
2.388376 -1.532793 0.582031 1.505832 1.000000 0.000000 0.000000 0.000000 0.000000 0.000000 
2.751365 -3.582919 0.563109 -13.195609 -6.892838 1.000000 0.000000 0.000000 0.000000 0.000000 
3.656539 -3.709459 0.658795 -10.157855 -5.469806 -0.252376 1.000000 0.000000 0.000000 0.000000 
1.507321 -1.825851 0.012394 -9.433502 -5.388509 0.373098 0.304962 1.000000 0.000000 0.000000 
1.972282 -1.599852 0.248608 -11.650384 -6.086199 0.306681 0.707972 2.073951 1.000000 0.000000 
0.007873 1.085585 -0.173773 -10.192726 -4.975589 -1.076027 2.013276 4.704889 1.198928 1.000000 
Matrix U is:
247.187088 547.531372 699.163086 180.631134 843.223267 891.326172 483.210663 899.085571 748.875916 502.913116 
0.000000 379.226257 104.986084 103.584862 -150.281723 431.013580 -77.342590 303.088287 338.181152 406.827271 
0.000000 0.000000 -1997.997559 -279.512543 -3036.610352 -1597.498901 -1557.204590 -1896.319092 -1550.095581 -351.449951 
0.000000 0.000000 0.000000 -67.627258 -732.606262 -109.179413 208.069016 -881.141907 -95.811218 413.213989 
0.000000 0.000000 0.000000 0.000000 1536.379028 199.204147 158.514435 796.370850 54.980515 -483.861389 
0.000000 0.000000 0.000000 0.000000 0.000000 678.676880 3354.235352 -5882.704102 -650.595703 2814.451416 
0.000000 0.000000 0.000000 0.000000 0.000000 0.000000 3295.676025 -6341.648438 -755.808716 2274.735840 
0.000000 0.000000 0.000000 0.000000 0.000000 0.000000 0.000000 306.614868 167.618454 103.645508 
0.000000 0.000000 0.000000 0.000000 0.000000 0.000000 0.000000 0.000000 -432.075745 -200.641647 
0.000000 0.000000 0.000000 0.000000 0.000000 0.000000 0.000000 0.000000 0.000000 348.598419 
Solution(X) is:
0.78 -0.26 1.35 -1.30 1.14 -1.21 -0.90 1.03 -1.76 1.98 
For 10 x 10 Matrix,Time Taken is:0.001543

Count 2

Matrix A is:
663.299255 814.003235 217.642792 452.167480 511.677643 392.131622 15.276403 591.584656 391.425079 653.563660 
526.089661 594.237122 686.744690 921.082886 876.399658 609.345093 461.612457 581.160767 1.069799 108.327690 
494.788361 516.959900 423.867035 552.981506 733.922791 522.401733 889.289124 896.299011 191.380661 847.221252 
412.958038 853.679993 660.224487 629.600830 304.847443 170.902191 20.732456 319.123840 761.486816 411.157532 
971.687500 286.576508 4.394642 657.432190 206.659363 879.794312 265.777313 667.271790 459.955048 265.847107 
774.599487 953.743408 781.807068 197.466537 505.724915 514.729858 718.868225 394.014099 410.028900 909.248901 
240.235382 821.986938 761.928833 899.459900 450.587799 65.776268 69.362106 470.320251 383.900116 829.848938 
880.477783 354.587585 115.425484 883.872375 11.019814 321.084839 762.666687 275.797119 987.356689 221.621780 
540.644226 760.956177 174.365189 321.451294 957.422668 679.090149 835.181152 675.290955 72.104233 244.210022 
583.539795 311.339630 65.196945 344.468658 209.799530 514.784729 409.244934 278.161621 984.104919 792.145020 
Matrix B is:
107.010597 863.582764 145.732651 221.436066 746.455200 155.752457 541.520935 508.121918 430.549561 527.877563 
Matrix L is:
1.000000 0.000000 0.000000 0.000000 0.000000 0.000000 0.000000 0.000000 0.000000 0.000000 
0.793141 1.000000 0.000000 0.000000 0.000000 0.000000 0.000000 0.000000 0.000000 0.000000 
0.745950 1.756378 1.000000 0.000000 0.000000 0.000000 0.000000 0.000000 0.000000 0.000000 
0.622582 -6.751328 -6.228950 1.000000 0.000000 0.000000 0.000000 0.000000 0.000000 0.000000 
1.464931 17.630348 14.620296 -2.059248 1.000000 0.000000 0.000000 0.000000 0.000000 0.000000 
1.167798 -0.061346 -0.871711 1.458427 0.529800 1.000000 0.000000 0.000000 0.000000 0.000000 
0.362182 -10.259811 -9.287775 1.001564 -0.324769 -0.037731 1.000000 0.000000 0.000000 0.000000 
1.327422 14.128265 11.593757 -1.940830 0.957577 3.392372 11.281168 1.000000 0.000000 0.000000 
0.815083 -1.897079 -1.515718 0.226485 -0.452180 -2.317806 -6.467814 0.315589 1.000000 0.000000 
0.879753 7.877911 6.510726 -0.817470 0.467008 -0.216427 -0.664284 0.275082 0.210081 1.000000 
Matrix U is:
663.299255 814.003235 217.642792 452.167480 511.677643 392.131622 15.276403 591.584656 391.425079 653.563660 
0.000000 -51.381958 514.123352 562.450439 470.567291 298.329529 449.496124 111.950897 -309.385376 -410.040222 
0.000000 0.000000 -641.478821 -772.188721 -474.257568 -294.088501 88.408447 258.378052 442.794739 1079.880859 
0.000000 0.000000 0.000000 -664.547852 209.113770 109.026123 3596.608887 2316.055176 1187.176758 3962.468262 
0.000000 0.000000 0.000000 0.000000 -1474.775513 -430.131714 -1567.623047 -1181.323730 1312.017090 -1090.900879 
0.000000 0.000000 0.000000 0.000000 0.000000 -112.382095 -3609.194580 -2816.670410 -2106.584473 -4138.803223 
0.000000 0.000000 0.000000 0.000000 0.000000 0.000000 1249.166626 994.801941 338.060547 1936.779053 
0.000000 0.000000 0.000000 0.000000 0.000000 0.000000 0.000000 -1127.785156 4085.545898 -6446.322266 
0.000000 0.000000 0.000000 0.000000 0.000000 0.000000 0.000000 0.000000 -3823.820557 4147.865234 
0.000000 0.000000 0.000000 0.000000 0.000000 0.000000 0.000000 0.000000 0.000000 1457.982910 
Solution(X) is:
-1.15 0.69 -0.57 1.46 -0.49 2.12 0.17 -1.50 -0.43 0.38 
For 10 x 10 Matrix,Time Taken is:0.001437

Count 3

Matrix A is:
55.461945 174.722321 602.932983 964.777100 624.724548 329.838776 998.639160 698.103271 874.980164 685.954102 
849.807800 405.829681 115.305084 264.661652 554.367065 634.404419 475.650726 571.227600 432.719269 406.751190 
571.683716 941.714172 192.597672 879.669373 967.475220 739.072876 900.482727 896.687805 976.936523 596.866394 
544.796021 31.398495 770.588684 146.729065 995.175598 394.313232 475.567841 992.814819 91.416481 349.547974 
677.768921 940.224304 754.377625 792.073975 203.885956 307.744751 425.478455 678.536743 877.972351 857.197693 
84.287895 448.656097 797.911865 275.885559 327.325500 764.387085 13.958444 226.808243 660.074951 989.895020 
822.674622 203.870972 20.293495 592.263367 349.600037 14.469090 985.576599 824.167847 6.283874 75.993088 
172.715805 683.052795 15.217401 926.093445 474.126770 218.103363 232.838196 898.605225 895.640076 109.810570 
754.802917 978.927979 557.466675 551.714783 253.813522 883.792175 315.101868 266.771973 109.600426 974.176819 
255.666977 931.275085 177.047791 274.960480 522.538452 525.647827 288.429535 507.115021 348.815643 293.713440 
Matrix B is:
582.108093 520.531433 975.766174 596.325500 445.624908 448.893005 813.428894 677.463135 346.498199 708.068909 
Matrix L is:
1.000000 0.000000 0.000000 0.000000 0.000000 0.000000 0.000000 0.000000 0.000000 0.000000 
15.322358 1.000000 0.000000 0.000000 0.000000 0.000000 0.000000 0.000000 0.000000 0.000000 
10.307675 0.378310 1.000000 0.000000 0.000000 0.000000 0.000000 0.000000 0.000000 0.000000 
9.822880 0.741803 -0.628402 1.000000 0.000000 0.000000 0.000000 0.000000 0.000000 0.000000 
12.220432 0.526105 0.705606 1.041373 1.000000 0.000000 0.000000 0.000000 0.000000 0.000000 
1.519743 -0.080624 0.332151 1.457297 0.691075 1.000000 0.000000 0.000000 0.000000 0.000000 
14.833137 1.051283 -0.259760 -0.764651 -0.148250 -0.824586 1.000000 0.000000 0.000000 0.000000 
3.114132 -0.061173 0.941493 -0.492913 -0.027893 -0.297636 -4.331348 1.000000 0.000000 0.000000 
13.609385 0.615911 0.789256 1.013748 0.885420 0.622887 0.535327 -0.237720 1.000000 0.000000 
4.609773 -0.055406 1.208842 0.816759 0.383065 0.352691 1.767894 -0.128106 -0.315971 1.000000 
Matrix U is:
55.461945 174.722321 602.932983 964.777100 624.724548 329.838776 998.639160 698.103271 874.980164 685.954102 
0.000000 -2271.328369 -9123.050781 -14517.998047 -9017.885742 -4419.503418 -14825.856445 -10125.360352 -12974.040039 -10103.683594 
0.000000 0.000000 -2570.896240 -3572.633301 -2060.424561 -988.854980 -3784.392578 -2468.606445 -3133.863281 -2651.399170 
0.000000 0.000000 0.000000 -805.717529 253.300415 -188.651306 -714.201660 95.175049 -848.555298 -559.700073 
0.000000 0.000000 0.000000 0.000000 -1496.093506 -503.705597 -564.321899 -882.831543 105.982971 243.843079 
0.000000 0.000000 0.000000 0.000000 0.000000 858.268433 -11.250122 -359.119080 488.584717 660.624329 
0.000000 0.000000 0.000000 0.000000 0.000000 0.000000 136.712311 118.252930 -377.334381 -12.835876 
0.000000 0.000000 0.000000 0.000000 0.000000 0.000000 0.000000 856.991577 -1576.569458 -276.194061 
0.000000 0.000000 0.000000 0.000000 0.000000 0.000000 0.000000 0.000000 -1044.806641 -164.425232 
0.000000 0.000000 0.000000 0.000000 0.000000 0.000000 0.000000 0.000000 0.000000 -156.967911 
Solution(X) is:
-1.13 0.20 -2.30 -1.34 -0.38 -0.71 0.21 2.72 -0.54 3.10 
For 10 x 10 Matrix,Time Taken is:0.001133

Count 4

Matrix A is:
427.358154 983.897705 528.060181 31.349459 602.531494 101.117516 393.496674 565.089172 824.532043 371.178009 
933.814758 207.778625 834.988953 688.913086 995.382385 322.289215 940.762512 195.258240 991.442444 716.385559 
662.557556 390.970093 833.181030 863.164734 822.421082 95.303604 96.244888 982.000488 243.269760 128.987976 
997.858948 669.627930 111.885681 524.919250 699.977356 713.417236 625.036743 92.474045 277.506409 448.568787 
462.652039 210.321152 655.347412 296.640991 898.234192 649.729736 617.930237 837.996704 843.988037 608.372681 
553.382263 505.545563 998.342834 385.563324 367.710297 819.763916 479.866943 462.955200 800.764343 722.136719 
590.943176 797.623352 390.764618 701.828857 321.542511 89.741974 414.246063 945.579224 181.216019 690.752441 
393.147980 642.868042 900.073608 47.495392 938.509033 797.307800 696.225098 555.439331 634.304565 539.213135 
162.811996 186.686829 43.758675 160.154800 571.250183 410.468964 978.918701 50.117085 872.424133 778.683044 
771.253784 462.367310 575.306396 161.018372 163.196167 895.848877 249.760345 576.442261 840.428101 429.976349 
Matrix B is:
266.194672 232.576126 71.844429 165.268311 279.071533 9.353504 961.576111 974.296631 563.792786 594.880676 
Matrix L is:
1.000000 0.000000 0.000000 0.000000 0.000000 0.000000 0.000000 0.000000 0.000000 0.000000 
2.185087 1.000000 0.000000 0.000000 0.000000 0.000000 0.000000 0.000000 0.000000 0.000000 
1.550357 0.584114 1.000000 0.000000 0.000000 0.000000 0.000000 0.000000 0.000000 0.000000 
2.334948 0.838115 -4.253236 1.000000 0.000000 0.000000 0.000000 0.000000 0.000000 0.000000 
1.082586 0.440154 1.115926 -0.277618 1.000000 0.000000 0.000000 0.000000 0.000000 0.000000 
1.294891 0.395698 2.195401 -0.481539 -1.874026 1.000000 0.000000 0.000000 0.000000 0.000000 
1.382782 0.289834 -1.230398 0.557979 -0.964235 0.210213 1.000000 0.000000 0.000000 0.000000 
0.919950 0.135042 2.278126 -0.590441 0.690165 0.244340 -0.008230 1.000000 0.000000 0.000000 
0.380973 0.096879 -0.630252 0.201133 1.639135 -0.338330 1.294413 2.043739 1.000000 0.000000 
1.804701 0.676205 -0.807272 0.026923 -2.373702 0.996669 -0.998014 -2.603510 -0.863863 1.000000 
Matrix U is:
427.358154 983.897705 528.060181 31.349459 602.531494 101.117516 393.496674 565.089172 824.532043 371.178009 
0.000000 -1942.123535 -318.868469 620.411804 -321.201355 101.338654 80.938049 -1039.510742 -810.231750 -94.670654 
0.000000 0.000000 200.755112 452.170441 75.900742 -120.657959 -561.092407 713.103943 -561.780945 -391.171844 
0.000000 0.000000 0.000000 1854.931519 -114.874969 -120.807129 -2748.051270 2677.248779 -3358.053223 -2002.513916 
0.000000 0.000000 0.000000 0.000000 270.728912 596.763855 19.539429 631.265259 2.636658 128.794556 
0.000000 0.000000 0.000000 0.000000 0.000000 1973.798462 -116.549347 1049.217163 -325.066040 414.817261 
0.000000 0.000000 0.000000 0.000000 0.000000 0.000000 732.995911 237.151321 529.284668 877.984741 
0.000000 0.000000 0.000000 0.000000 0.000000 0.000000 0.000000 -557.911987 -635.769226 -263.715363 
0.000000 0.000000 0.000000 0.000000 0.000000 0.000000 0.000000 0.000000 1458.077637 134.403992 
0.000000 0.000000 0.000000 0.000000 0.000000 0.000000 0.000000 0.000000 0.000000 -239.694046 
Solution(X) is:
0.53 0.05 1.06 -0.58 -3.70 -0.02 7.74 2.61 -1.04 -5.35 
For 10 x 10 Matrix,Time Taken is:0.001285

Count 5

Matrix A is:
941.154175 445.442322 966.855530 684.728516 225.046371 148.914139 742.939453 533.922241 126.262650 124.852974 
637.010742 274.550140 302.640228 765.493286 436.706909 698.864380 507.547516 266.543579 540.079346 275.130554 
863.664551 544.911499 98.463448 508.557922 504.554291 978.061340 251.384064 340.307831 507.949829 502.962646 
268.255615 448.104034 947.404968 234.111160 131.832520 171.451370 382.025299 873.771973 704.373657 507.287933 
997.624939 340.384430 780.838074 299.265198 104.877762 216.545029 997.129578 611.425293 482.088623 536.208923 
885.555847 344.753174 80.120468 983.019287 852.311157 583.674744 960.080627 102.695183 922.982605 467.030487 
604.657837 190.238220 914.134521 551.062805 423.349365 44.967052 721.514221 804.374634 917.739075 424.887878 
310.662598 914.364014 764.272339 90.500732 212.629150 868.150085 306.045746 208.758713 478.575378 787.134399 
743.967651 363.131256 130.887573 823.088135 345.150574 982.198669 405.762909 304.231171 83.893867 327.745483 
770.261658 687.551758 516.983704 683.396179 237.614578 939.333069 727.363220 958.128845 742.707764 644.102295 
Matrix B is:
382.016693 52.370380 557.466309 145.289047 141.871109 769.095459 12.439144 446.916901 976.854126 490.014526 
Matrix L is:
1.000000 0.000000 0.000000 0.000000 0.000000 0.000000 0.000000 0.000000 0.000000 0.000000 
0.676840 1.000000 0.000000 0.000000 0.000000 0.000000 0.000000 0.000000 0.000000 0.000000 
0.917665 -5.053053 1.000000 0.000000 0.000000 0.000000 0.000000 0.000000 0.000000 0.000000 
0.285028 -11.919239 1.372010 1.000000 0.000000 0.000000 0.000000 0.000000 0.000000 0.000000 
1.060002 4.891253 -0.575365 -0.640396 1.000000 0.000000 0.000000 0.000000 0.000000 0.000000 
0.940925 2.760448 -0.055105 -0.244254 1.312090 1.000000 0.000000 0.000000 0.000000 0.000000 
0.642464 3.560941 -0.602266 -0.068651 2.358639 0.878797 1.000000 0.000000 0.000000 0.000000 
0.330087 -28.479704 3.730330 1.883732 -1.612748 -0.559610 -0.987249 1.000000 0.000000 0.000000 
0.790484 -0.408865 0.302859 -0.012073 -1.402698 -0.621040 -0.545763 -0.289862 1.000000 0.000000 
0.818422 -11.987956 1.750109 0.750227 -2.339015 -0.898818 -1.367500 -0.666157 0.491017 1.000000 
Matrix U is:
941.154175 445.442322 966.855530 684.728516 225.046371 148.914139 742.939453 533.922241 126.262650 124.852974 
0.000000 -26.943024 -351.766205 302.041687 284.386536 598.073364 4.696411 -94.836334 454.619751 190.625076 
0.000000 0.000000 -2566.279785 1406.439087 1735.057373 3863.504639 -406.654480 -628.867188 2689.300781 1351.628174 
0.000000 0.000000 0.000000 1709.402588 1076.842773 1956.818848 784.178223 454.024170 2397.359131 889.359619 
0.000000 0.000000 0.000000 0.000000 163.218811 609.431641 454.851166 438.262604 1207.178467 818.690857 
0.000000 0.000000 0.000000 0.000000 0.000000 -1316.164551 -179.609924 -636.691406 -1300.945190 -959.143250 
0.000000 0.000000 0.000000 0.000000 0.000000 0.000000 -878.589661 -22.701172 -702.028931 -547.138611 
0.000000 0.000000 0.000000 0.000000 0.000000 0.000000 0.000000 -849.673401 -637.852844 -299.032715 
0.000000 0.000000 0.000000 0.000000 0.000000 0.000000 0.000000 0.000000 -298.235596 75.798729 
0.000000 0.000000 0.000000 0.000000 0.000000 0.000000 0.000000 0.000000 0.000000 -137.391190 
Solution(X) is:
-0.35 0.76 -0.94 1.53 1.18 -1.51 -0.35 0.62 -2.10 3.17 
For 10 x 10 Matrix,Time Taken is:0.001326

Count 6
